0000000000000000000000000000000000000000000000000000000000000000000000
0000000000000000000000000000000000000000000000000000000000000000000000
0001000001111100000000100000001111000000000111111111110001111111101000
0011111111111111100001110011111111110000001111111111111001111111111000
0011111111000111110001100001111131110000001111111100011001100000111000
0011100011111111111011100000111111111000011111111111111111100000111000
0011000001111011111111000010001111011000011101010000011111111111111100
0011100000110001100011000110000011101100011111110000000111011111101100
0011100001110000110011000111100001100110000001111100000100001111111100
0001110001110000110011101111111001110111000001100111000000011111111100
0001110001111000110110111100011111111111000001100001111101111111111100
0000100011011001100110111000001111101111111111110000011111111111111100
0000111110011111101111111100011111000111111111110000001111111110111100
0001111100011111111111111110111111000110000011110000001111111110111000
0011010000001111111111000011111111000110000001100000001111111110111000
0011000000000011111111000011111111000110000000000000000111111100111000
0011000000000011111111000111111001111111000000000000011111000000011100
0010000000000001110001111111111000111111110000111100111111000000001100
0110000000000000000000011011001000000111111001111100110011000000001100
0010000000000010111000000011001000001111111001001100110001000111111100
0011000000000011111100000011001100001111110011001100110011111100111100
0001100000000001111100000011001111111001100011001000011111110000001000
0001110000000000111100000011001101111111100011111000001111110000000000
0001110000000011111110000001111000111111000011110000000001111111000000
0011000000000111111111000000110000110110000001000000000000111111110000
0011000000000110001111100000110000110000000111100000000000000000111000
0011000000000100000100111010110001100000001111110000000000000000011100
0011000000000110001111111111111011101100001100111000000000000110001100
0011011111000011111111111111011111000000001100011111000000001111001000
0011110011000001111011111101100011111000001100110111000000011111011000
0011110001000000000001111111100011111100001111110111000000111111011000
0001110011100000000011001110000011011100011111111110111101100110001000
0011111111111100000011001110000011011000011100011101111111100110001100
0011111111101100000001111110000011111001111110000001100111100111111100
0011100011000100000001110111000011110010111110001111000111111111111110
0011000010001100000011000011111111111010111000011110000111111111001100
0011001111111100000011000111111100001110011000110000000111111111001100
0011001111111000000001111110011100001111100011100001111100111011111100
0011101111110000000000111110011000001111100111100011111000000000111100
0001111100110111000000111111111100001111101100001111000000000000001100
0001111111101111111001111111111111011111101100011111110000000000001100
0001111111101111111101111111011111111111101110110011111000000000001100
0001111101011111111110111100001100000100000111100111011100000000001100
0011110011100111111110011100000100000000000000000111011100000000001100
0011000111110111111111011100000100000000000000000011111000110000001100
0011111110110110011111111110001100000000000000110011111011111000000100
0011011100110110011111111111111100000000000001111111111011001100000100
0011001100011110111100110011110000000000000011001111111110001100001100
0110001100111000110111110001100000000000100111000111111110011000011000
0011110111110000110110111011100000000000111110000111111111110000011000
0011000011110000110111111111111001111000111110000111001111111111111000
0011000011110001100111111111011111111111111111101111001111111111110000
0011000111111111101111100110011111001111111111111001111111100000111000
0011000111111110011111000110001111001101111100000000111000000000000000
0001000011110100011111000110011111111100111000000000110000101100001000
0001000001111111001111000111111011111100000011000000110000111111111000
0001000001111111101110111111111111000000000111100000110001100011111100
0011000000111001100000111110111110000000001100110000111001100000001100
0010011110011000111001100110011110100000001100110001111111100000001100
0110111110011000111111111111111100100000001100111110001111111000001100
0011100110001100001111111111111100111110000111111111001110011000001100
0000000110000110000000111111011100011111000011111111011100001000001100
0000000110000110000000110110011111110001100000011111111000001000001100
0000000110000110000001101100111111110001100000001111111000011000001100
0000000110000110001111101100111100110011000000000110111100011000001100
0000000110000011111110011000111100111111000000000111111100011000001100
0001101100001111111111110001111111111111112111111111111111111111111100
0001011111111111111111000000011111111111111111111111111110001111111000
0000000111100000000000000000000000000000000000000000000000000000000000
0000000000000000000000000000000000000000000000000000000000000000000000
