0000000000000000000000000000000000000000000000000000000000000000000000000000000000000000000000000000
0000000000000000000000000000000000000000000000000000000000000000000000000000111000000000010000000000
0000000111000001111000011111111000111010000000001111000011111100000001100011111100000001111111100000
0011100111111111111100011111111111111111100000011111000111111111000011111111000110000111111111111000
0011000011111111111100011000110001110000000000000000001100001111000011001111111100001111110011011000
0001100011011100000000011011100001110000000000110000111100011110000011000111111000001111000011111000
0001110110001000000000011131100011111100000001110001111000011110000011001100000000111111000011110000
0001111110011100000000011111111111011110000001111111100000011110000001101100000001110011000011100000
0001110000001110000000011111111110111100000001111110000011111111000001100110000001100011000011000000
0001111000000111100000001111111000111000000111111111000111111011100011000111110011000001100111000000
0011001110000000111000001111101100010000111111111111101100011001111111000011111111000111100100001100
0011000110000000011000011011000110011111100000011111111000001111111110000111100000001111000100001100
0011000011100000011100111111000110001111110000000111111000001111111110001110110000011100000010001100
0011000001111000001100111111101111100111111000000000110000001101100011001100011000011000000110001100
0000000000011000001100001111111001100011001100000000110000001001110011111100011000011111111111111100
0000000000001000011000001111111000110011001100000000110000011111100011111100110000011111111111111100
0000000000001100011000011111001100010011001100011110011000011110000011110111110110000001111111111100
0000000000001110011000011111101110110011011101111111011100111000000111110111111111000001111111111100
0001100000001011111100011001100111110011111111111001101111111000011111110111110111000000111100010000
0011111000000011111100011000111111100011111101110001100111011000110111001100110011000000001100000000
0001111110101000000000110000111001100001111000111001100000001101110011001100110111001111000111110000
0000001111100000000001111001110001111111110000011111000000000111111010000100011110011111100011111000
0000000111000000000111111111110001111111000000011111100000000100011011001100011111011000111000001100
0000000111000001111111111111110001100010000010011111110000001100011111111100011011111000011000001100
0000000011000011100001111000111000000010000111111111110000001100011111111100110000111100001100111100
0001100011000011000011000000111000011111000111100111110000001100011111111100110000111110000111111100
0001111001100110000011000011110000011111000011000111110001100110011110000111100011111111000111111100
0001111111111110000001111111110000001101100011100000111111110111111111000111111111110011100000001100
0001011011111110000001111111000000001100111001111101111100011111110111000111111111100000100000001100
0000000001111110000011100000000000001000011011111111111100001100111110000011111111100000001000001100
0000000000001111110011000000000100001000001111111100111110000000011100000010001111100000011100011100
0000000000000111110111000000001110001100000110000000001111000000011100000110011111111000011110011100
0000000011001110011111000000011110000110000000000000000110000000111110001110111011111110011110011100
0001000011111110011111110000111111000110000000000011111110000001110111111111110011111111011110001100
0000000011110111111011111011111111000011000000000111111100000000111011111111101111101110001110001100
0000111111110011111111111011111111000111000000000111111100000000011111000000001111100110001110011100
0000111111111111111110100011111111000001110000001111011111000000111110000000011110111110011100011110
0000011111001110111000000000100111000000011000011111111111100011110110000000000111111111111110111100
0000011110000111110000000000000011000000011100011100001100111111000110000000000011011001111111111100
0001111110000011110000000000000000000111011100010000011100011000000011111111100011000000011111001100
0011111111000011010000000000000000001111111111010000011000001111110001100111111110001110011111001100
0011111111110110011000000011110000011100110011011000010000111111111000000011111111011111111111101100
0001110011011100010000000000111101111000110011011000010011110000001100000011000011011111100001111100
0000110001001100111000000001110111100000111110011100110111000000001100000110000001101111000000111100
0000011111001111111000000000000001100000111110111111100110000000111111100110000000111110000001111100
0000011111111111011110000011000001110001111111100001110110000011111111100111000000011000000011111000
0000011001111110001111000010000000111111111111000000110110011111111000110011110000000000000011111000
0000011001100110001111100010111000101111111110000000010011111011111000111100111000000000000011110000
0000011001100111011100111000111110000000011100001100011011100011111000111110001111000011000011110000
0000011111111111111000011111111111100000001100001100110000000111111000011110000111000011000011011000
0000010011111111000000011011111111111000001100001111110000000111110000000011000011000010000010011000
0001110001110011000000111111100110011110001110001111100000000011110000011110000010000110000110110000
0011110001110001100011100011100011001111111110001100000000000001100000111110000010000110000011110000
0011011111110000100110001111100011001111111110000110000000000000110001111100000011001111000011110000
0011111111110001101100000011100001111111110011000110000000000000100001111110000011111111000110111000
0011110111011101101100000000110001110001110011000011000000000001100001100110000000111001111110111100
0011100010001111000110000000111111110011010111000011000000000001100000000011000000000000111001111100
0011111110000000000111110000011110110011111111000110000000000000111010000011001111100110000001100000
0001111110011000011001111000000110111111101111111110001110000001111100000011111001111111111111100000
0000001111111111111111111110000111011111101111111100111111111111111100000110111001111000111111111000
0000000001000111100111111100000011011111011111001111100001111100111100000110110001111000000011110000
0000000000000011000010001100000001111101111111000111000000000000010110000011011111111100000011100000
0001111000000000000000001100000001110001110011000110000000000000110111000011011111111110000111100000
0011111100000001111100000100000001110011111111001110000000000001100011110011001100011111111111100000
0011001000111001111100000111111001111111111100001000000111110011111100111110001100011011111000111000
0011001001111001111100000111111111111111100000001000001110111111111110001100001100011011111000011100
0011001111110000011110000100011100111100000000001111000110001111101100000000000111110011111000011000
0011001111100000000101000100111101111000000000001111100110000111000110111100110011100011111000011000
0011110001100000000011111101110001110000000000000111111110001110000101110111111100000001111110011000
0011111001111111000001111000111111110000000000000001111111001110000101100011100110000000011111001100
0000011111011111110111100001100011111011100010000000111011111000001101100011000011000111110001101100
0000011111111111111110000111110011111111111100000000000001110000000111111111100011001111110001111000
0001111011111111111010001111100011111111111100000000000001100011000110011100111110001101110001110000
0001111111111000011000001111100001000011001100000011111000000011100000011000011110001101111111100000
0000111110110000011000000111100000000001100111111111111100000011111110111100000000001111111111100000
0000111111100000011000011111110100000001100011111110011000000000011111101110000000000001111111000000
0000111111100001111000111111111110000000100000100110011000000000011011000011000000000001100011000000
0001101111100011111101110111111110000001100111110111111000000000011011000011110000000001100011000000
0011000110110011110111100011011011000011111101110011110000001111111010000001111100001101110111000000
0000000110111111000000000110011011000111011101110001100000001111111110000111000111101110111111111000
0001000111111111000000000100010001100110011101100011100001111111111111011111000001111110000001111100
0001111101101110000000001101100011100110111111000011001111111111000111111111100000000111000001101000
0011111000111100000000011111110111000111111111000011111111000100000111111011110000000011100001000000
0011111000111000000000111100111110000011100111100011111110000100000111100111111110000001110001111000
0000001101111000000001111000011100000001100000110001111110000110000111000111111111000000110000111000
0000000111111101100011111000111100000001100000110000111110000111111111000010011011100000011000111000
0000000111111111111111011000011111000001100000110000001111101111111110000011111001111000001111110000
0000000111111000011110011000011011100001100001100000000001111100001110000011111111111000111111111000
0000000111111000011111110000011111000011000011000111111101010000011111000001111101111111110000111000
0011001110011001110001110000111111000011000011111111111111100000010011111001111000111111110000111100
0001111100011011000001111111100000101110000111110000001111111000011111111111111000110111010000111000
0001111000011011000011111111100001111100001111000000000000111000011111000111000111100000111000010000
0001111000011011000011111111110011111100011111000000000000110000111111101110000111110001111100000000
0001111000011011111111100011111111001100111111100010000001110001110000001110000111111111111111000000
0001111100110000111100000011111111111111110011111110000011000011100001111111101111001110001111000000
0001100111111000011000000001110001011111110011111110000011100001000000111001111111001100001111100000
0001111110011111110000110001100000000111111111111110000011112111100011111111100011111100000111100000
0011111100000111100000000000000000000000001110000000000000111111100000001111000001111000000011000000
0001000000000000000000000000000000000000000000000000000000000000000000000000000000000000000000000000
0000000000000000000000000000000000000000000000000000000000000000000000000000000000000000000000000000
