0000000000000000000000000000000000000000000000000000000000000000000000000000000000000000000000000000
0000000000000000000000000000000000000000000000000000000000000000000111000000000000000000000000000000
0001111100000000000000000000011111111000111000000000001111110000011111111111000000000111100011000000
0001111110000110000011111111111131111111111110100000111111111000111000111111110000111101000111111000
0001000011000011000011111001110000000111000011101000111100110001111000110000111111111000000110011100
0011000011001111111111001111100111110000000011111000111110110001111001100011111110011000000011001100
0010000010001111111111011111101111111011000001111111111110110011101111100111111100011100001011101100
0011100111111100000111111110001110111111100001111111100110011111000011000110001100111000111111101100
0001111110111000001110111001100110011111110001111100000000001111000011000100000111100001111111111100
0000111010101111011000011011110011111100010001111100000000000001000011000110000011100001110111111000
0000001000000011111000010011110001111110110011001101111001111001100011000011100011000011110011100000
0000111010000000111000110011110001001110111011001111111111111101110011000011111111000011111011000000
0001111110000000111101100011100111011110111111011111101111001111100011000000011111000111111111100000
0001011100000001111111000111001111111000001111111000001111000111000110000000000011000111111101111000
0000000000011111011110001111101111110000001101111000011101100110000110000000000111001111001100011100
0000000000011111000111111111100111100000001100011000011001110100001100000100000111111110000100111000
0000000000111000000111111111001111111111111111111000110001110000011000111111001111111110000111100000
0000110000000000111111111111111111111111111111111111100001000000011001100011101111101110000011000000
0001111000000000111111100011110000111000110000001111000011000000110001100001100110000010000011000000
0001111100000001111111100011100000011111100000001100111110000001110001000001000110000000000011100000
0011111111000000110001000011100000001111100000001111111100000001100001100011000100001100000111110000
0011111111100000000000100011111110011111110000001111000000000011000011111111111110011110001110111000
0011111101100000000000100011111111111100000000001110000010000110001111111111111111111111111111011000
0011111101100000000000110011111111111111000000001100000111111100111100011011000111100001111011111000
0001111101100000000000111111100011100110000000001000000111110001111100001110000011000001100011110000
0000011000110001000000011111100001111110000000011000011101110001111100001110000110000001100011110000
0000011100111000010000010111000000011100000000111000010001110001111110000110000110000001111111110000
0000001111110000111100000111000011011100011111111101110001111100111111000110001110000000111111111000
0000000111100001100110000111000111111000011111001111100011111110111011111110000111000000001111111100
0001000011000001100110001111111111111100011100000000111111100111111100111110000001100110001100111100
0011100000000101110110011111110011111100000100000000011111100111111110000111100001111111011000011100
0011110000001100011100011111111111111111001100000000111111111110101110011011111011111111110000001100
0001000000011110011100000100011100011011101100000001111111111000001110111111111111111111110000001100
0000110000111110001000000000011100011111111100000011000001111000001101100111110111101111110001111100
0000000001111110000010000000011110111110111000000011000001111000001101000001111111110000111111111000
0000110111110100000111100000011111111111111000000111000001111000001111000001111100110000011111101000
0001100111100000000110110000011111111100011111001111000001101100011011000001100000110000001110000000
0001111111000010000110011111111100011110001111111100000001101111111111000001100000110000001100000000
0011111110000010000110001111101100001100000000111101000001111111110011000001100000100000011000000000
0011011100001111101110000000001100011110000000111111100011110000111111000001110001100111011000000000
0011001100011111111110000000000111111100000000111111111111100000001111100000111111001111111100010000
0001100110111111111110000011000011110000111110110000011111000000001100110000111110001111111100111000
0001100111111111111111000111110111000001111110010000000001000100000110110000110011111111111000111000
0000111111100111111111001100110110000001100111110000000011101110000110011000011111111111110001101100
0000111100110011111111001100110110000111000011100000000111111111100110001100011110001100110001101000
0001111000110011001110111000110110001111000000001100001111111011111111001110011100000111100001101000
0001110000110011001100111011100111111111100000011111111111110111111111100111111100000011100001111000
0000010000110001111000110011000011111001110000110001011111111111111100110001101100000000000001110000
0001111111111000110000111110001111100000011100110000001111111110011100111100011100000000000000100000
0001111111111100000000011110011111100000001110111000001111111100001111111110011110000000000001100000
0011111110001110000000111111111111111010000111011100011111111110001111100011110011000000000001110000
0011111000000111000001111101111111111111000011100111111111111100001101100011100011101111111111111000
0011111010000011100111110000011111111111100001100011111111000100001111100011100011111111111111001100
0011111111110001111101000000001111111100111000100011111111000110000111000110000011000000011011101100
0011011111111000111001100000011101110000011101100011001111111111011111011110001111111100110000101100
0011000110111100000000110001111001110000011111110011011110001111111111011110001111111110110000111100
0011001100111100000001110011100001111111111111111111111100000011101111011100011111100111110000111100
0011001110111100011111111111110001111111111111000111101100000011000111011100011111000111111000111100
0011000111100111111110001111111001101111111110000001101111100011101110001101111110001111111101111100
0011000000000111111110000100001111000111111000000000111111110011111100001111110111111111111111111000
0011011111000011111110000000001111000111100000000000010111111111111000011111111100011001100111000000
0011111111100111111110000000011111101101110000000000000011111110111000011111111110111000110011100000
0011100000110110001000000000111111111001110000000000000011111111111000110011000000011001111111111000
0011000000110110001010000000101011111011111100000000000001111100110000110011000000011011111101111100
0011000000110111001110111000000000011111111110000011100000111100110000100011000000011011111111111000
0011000000110011111111111100000000000111101111101111110000111000110001100001100000111001111111111100
0011000000100001110000000110001000000111111111111111110001101100110001100001111111110011111110001100
0011100001100000000000011110011100000111111101111111100001100111100001100011111111101111011100011100
0011100001100000000001111111101110000111111111111100000000100011100001110011110000111110001100001100
0011110001100000000001100111001111111111101111101000000000110011100001111111110001111110011100001100
0011100001111000000001000010000111111110100011101000000000110011000100011111100001111111111100011000
0011111111111111000001000000101110001111100001111111000000110110001110001001100000111111100110111000
0011100111110111111001100001111111001111110001111111110001110110000010000001100000111100000111111000
0001001101110000011111100001111111111111110000011111111011100110000010100000100001110111010000001100
0000000110111000000011100001101100111111110000001111111111000110000000000001100001110111111100001100
0000000110011000000001100001101100011110110000001100001110000110001000011111110000111111101110011000
0000000011001100000000000001111100111000011110000000000111000111111000011111111111111110000110011000
0000000011011000000000000011111111111110001111000000000011000011111000110001110111111110001110011000
0011000001011100000100000111111111100110000011000010000011000000111000100001000000111100011100011000
0011100011001100001110000111111111100010000011000111000011100001110001100011100000111000111000001100
0011110111000110011110001110011111100010001111000111101111000111110011000011010000111000110011111000
0110111111110111111011001100001111101110111111100111111111101110000111000011110000111000110111111000
0011111100111111111111111000000001101111110001111111111111111100011100000011100000111110111100111000
0011111000011111101111111000000000100011100000111111111111011000001111110001110000011111111100111100
0011111000110001100111111000100001110011110011101111001110010000011111111111100000001111111111101100
0011011111110011111100111001100001110001111111101110000111111100011111111111000111001101110011001000
0011000111111111111000011111100001111111111101111110000010111111111111111000000011111100000000001000
0011001111001110011100011111100011011111111101111110000000111111111111110000000111111110000000001000
0011011111101100001100011111000011000111111101111111111000010110011111111001111111000011000001111000
0011110000101100011100111001000011001111111000111100111101110111111001111111111111000011000011110000
0011100001101110111100111000000011001111110000111111100111110111110001100111110111100011000110000000
0011100000111111101111110001100001111001100000111111111011111111110011110111000000000011000110000000
0011100001111111000111110001110000111101111100111111001111111001100011111111000001100011011111000000
0001110000011111000000110011110000111111111111111110001111111000100111111111100010000011111011211000
0000011100001111000000011110110000110111000011111111001111111000111111111001111111100001110011111100
0000000000001110000000011110110000110011000000111111111111111001111000110000011111000001110011101000
0000000111111111111111110111111000110011000000111101111111011111111111100111111111100001111111111000
0001100001111111111111100001111000011111000000010000011100001110001111111111111000000000111111100000
0000000000000000000000000000000000001100000000000000000000000000000000000000000000000000000000000000
0000000000000000000000000000000000000000000000000000000000000000000000000000000000000000000000000000
