00000000000000000000000000000000000000000000000000
00011000000000000000000000000000000000001100000000
00111111110000000000011111111111111110011110001100
00113111111000111111111111111111111111111110011110
00111111111111111111100000011111111111100110011110
00111111001111111111100000111011111011100111111110
00111111011111111101111000110001110001111111111100
00110111111111111000111110111011110001111111111100
00110011110111111000000111111111110001111011111100
00110000000111011100000011111111011111111000011100
00110011000110001110000011111111111111111000011000
00111111100111001110000111111111101111111000011000
00111101110011111100000111111000111111111000001100
00111000110001111100000111110000111011111100011100
00011101110011111000000111110000111011111111111100
00011111111111000000000111111001111111111111111000
00011111111110000000000011111111111111100011110000
00110001110000000000000001111111001110000011110000
00110001100000000110000001111100001100000011110000
00110001100000001111000011111100111100000111111000
00110011100000001111100011011000111100000111111100
00111111000000011001100011000001111100000111011100
00111100000111111001100011000001111100000011111100
00111100011111111111100011000000111100000001111000
00111100111100000111110111000000111100000000111000
00111111110000000011111110000001111100000000111100
00110011100000000011111110000001111100000000111100
00011001100000000111001111100011111100000000111000
00011001110111111111000111111111111000000001110000
00001100111111111111100111111111111000000011100000
00001100111101110001111111110001110011001111000000
00011000111101110000111111110001100111111111000000
00011001111110111000111100011111100111111111000000
00110001100110011111111110111111100011110111000000
00110001100110011111111111111001100011100011100000
00110011100110011111111111110001110001100001111000
00110111000110110001111100011100111011110000111100
00111111001111110001111101111110011111111001111100
00111111111111100001111111100110000110011111111100
00111111111110000001111111000110000000111111111100
00111111111110000011111000000111001100111110011000
00110001111110001111110000001110111111100000000000
00110001111111111111110000001101110011110000000000
00111000111111111111100000001111100001111111100000
00011110001111111110000000001111100001111111110000
00000111001111110000000000011101110011111111111000
00000011111111100000000000111111111111112111111000
00000000111111000000000001111111111111111111111000
00000000001110000000000000111000000000000001100000
00000000000000000000000000000000000000000000000000
