0000000000000000000000000000000000000000000000000000000000000000000000000000000000000000000000000000
0000000000111111111110000000011111110000000000000111100000011100000111000000000000000000000000000000
0000001131111111111111111100111111111000000000011111111111111111111111111110001100000001111111000000
0001111111101111111011111111110011111000000000111000011111111011111111111111111111111111111111111000
0011110011111111110011111011100000110000000001111000001110011000011111100111110011111111111111111100
0011100011111111111111111011000000000000011111111111111110001100011111000111111110001100110001111100
0011000111000011111111110110000110000000111111100111111110011100111111000110111111101100110001111000
0011001110000001111111110110001111000000111111000011001111111111110011001110011001111000110000111000
0011111100000000111000110011001111000001110111000011101111111111100001111111110000111000011000111000
0011111100000000111000011111100110000011100011000011111100011001100001111111110000111000011000011000
0001111100000000011100111111110000000011100011100111111000011000110011100001111001111111011100011000
0000111111111000001111111000111000000111100111111110011000011000011111000011111111111111111110111000
0000110111111100000111111000111100111111111110111100001100011100001111100111001111111101111111110000
0000110111111110000011111111111111111111111000011000001100111110000001110110000111001111101111110000
0000111111111111000011111111100011111101110000110000011000110011100001111100000111000111111111110000
0000011100111111100111100011000001111000110000110000011111100001111111111100001111100001111100111000
0000000000011111111111000001100011100001110000011000001111100001111111111110011111110001111100111000
0000000000011111111111000001100011000011100000011111000000110011111001111111111100111111111111111000
0000000000111011111111000011100011100111000000111111100000011111110001110001111100111111101111111000
0011000111110001100011100111111011111110000011111101110000011111111001110001111111111001111100111000
0111111111111111000011111100111101111110011111001110111000110111111111111001111111100000111000011100
0111111110111110000011111000001111111111111110000111111111110110001111011111100111000000111000011110
0011111100001100000110110000000111000011100110000111111111111100000110001111000011000000111100111110
0000001110000000001111110000000110000001100011001110111100111100000110011111000011000000111111111110
0000000111100001111111111000001110000011111011111100011000011110000111111111100111100000111111111110
0000000111110011111111111111111110000111111101111100011000011111101111111111111111110000111111111110
0000000111111110001111111111110111001111101111111100011100111111111110011111111000111001111111111110
0000001111111100000111111001110111111111000111001100011111111111111110011111111100011111101110111110
0001111111101100000110011101110111111011000110000111111111101110011111111110001110111111001100011110
0011111111100110001100001111111100111011101110000111111111111100001111111110000111111011101110001100
0011110011000111111100000111111000011011111111000011111111111000001110011111000111100001101111000000
0011100001101111111110000000011000011001111111110001110001111000011100001111100111100011111111100000
0001100001111111100111111000011000011111111000111000000001111100111100001101110111111111111111100000
0001110000111111100011111100001100111111111000111100000011000111111110011111110011111110011111000000
0001111000011111000011001110011111111001111100111111111111100111111011111111100000001100001111000000
0001111100001100000110000111111111000000111111110111111111111110110001111000000000000000000111000000
0011111110001100111110000111111110000000111111111011111111111110110000110000000001100000000111111100
0011111111011111111110000011000110000001111100111111111111111101110000110000000011110000000011111110
0111111111111111000111000011000110000001111100111111011111111111110000111000000111111000000011111110
0111111111111100000011110111000110000011111111110110001111111110111001111000001111111100000111111100
0011111011111000000011111110011110000011100111000110001100110000111111111100001111111110011110011100
0011111111111000000111111111111110000011000110000110001100110000111110011110011111111111111100001100
0011111111111100001111111111100111000111000110001100001100111011111110011111111011111111101100001100
0011111111110111111111110011000011111111111110001100001100111111111111111111100011000001101100011100
0110011001110111111111100000000011111111111111001100001111111111001111100110000110000000111100011000
0110011001111101111111000000000111111111100011100110011111111110011111000011000110000000111100110000
0111011100111111111110000000011111111110000001111111111001111110011011000011000011000001101111110000
0011111100001111110000000000111001111100000011111111110000111110001101100110000011111111100111110000
0011111100000111100000000001110000111100000011000111110000011111001101111111000011111111110011111000
0011111110000111100000000001100000011111000110000011110000001111001100011111100111110111111011111100
0111111110000110110000000001100000011111111110000001111000001111111000111111111111110110011111111100
0111111111001100111110000000110000011100111111000001111100001111111001111111111111110111111100111100
0110111111111100011111100000111100111000000111000011111110001101100001111111101111111111111000011100
0111111111111101111111111001111111110000000011000011111110011000000001101111000111111101111000001110
0111100000001111100011111111110011110000000011000011001110011100000001111111000111111000011100000110
0111000000000111000001111111100001110000000011100111001110001100000000111111000110011100001100000110
0011000000000111000001100011100000110000000011111111111100000110111001111101101110001110000110001100
0011100011001111000011100011110000110000000011111111111000000111111111111111111110001111000011111100
0011111111111111000011000111111001111000000111101111111000001111000111111111111111011111111011111000
0011111111111011000011001111111111111111111111001111111100011110000011111111111111111111111001110000
0011111111111111000011011100111111111111111111101111101111111100000001111111111111111110001111100000
0011000111111111100111111000110011000111001111111111001111100000011001111111111111111110000111100000
0011000111111001111111110001111111000110000111111111101111000001111100111111011111000111001111110000
0011000011110000111111110001111111111110000110000011111111000011111100011111100110000011111111110000
0011000011110000011011111001110111111110001100000001111111000111111100000001111110000011111111111000
0011000110110000011011111111100011001111111100000001111110000111111100000000111111000011001111111000
0110000110011000111001111111100011101111111110000011111000001111111100000000111111100110000111111000
0110000111111111111111100111000001111111111111000011110000011100011100000000111111111110000111111000
0011001111111111111111100011000000111111111111100111110000011000011110000000111111111111001110011000
0011111110011000000111100011100000111111110111111111111000011000111111110001111100000111111110011000
0111111100000000000111110011111001100001110111011111111100111000110011111111111000000111111111111000
0111111000000000111110111111111111100001111110001111111111111111110011001110111001111111100111111000
0111000000011111111110011111111110000001111110001111100111001111110111000000111111111111000011110000
0110000000111111100111111111111100000011100111100111000011000111111110000001111111001110000011110000
0110000001111111100011110111001100001111100001100011000011001111111111011011101110000000000011110000
0110000001111111110111100000001100011111110001100001100110011111110011111111000110000000000111110000
0111000000111111111111100000111100011000111001110011111111011001100001111111000110000000011111100000
0111111100011111011111100001111110110000011111111111111111111111000001100111111111000001111111100000
0110111110001110001111110011111111110000011111111101111000111111000001100111111111100011111111000000
0110111111011100011111111111111001111000011110011000110000011110000001100011001111110011110111000000
0110110011111110111111111111110000111111111100011000110000011100000011100000000111110001111111100000
0110111111111111111111001111111000111111111100111111111000111000000111000000000111111011111111111000
0011011111110001100011001110011100110111111111111111111111110000000110000000000111111111001111111100
0011111111100000000001111100001111111111111111100110011111100000000110000000001110011111001111111100
0111110011100000000001111100000111111100011111100111111111000000000111000000011100111111111111111100
0111100001110000000011111110000111001100001111111111110111000000001111100000011011110001111111101100
0011100000111000001111111111100110011000000000111111100011000000111111110000011011000000111111000110
0011100000011000011111111111111110011000000000011001100001100011111111111000110110000001111110000110
0011100000001100110000111100111000001100000000011001110001111111111111111111110110000001110000001110
0001110000001111110000111110111000001111100000111000110001111111100111111111100111000001100001111100
0000111000001111110001111111110000011111110001110000011111111111000011011111111111100011100011111100
0000111100001111111111111111110000111111111111110000111111100011000011011111111111111111110111111100
0000111110011111111111000000110001111111101111111111111111100011000011011111110001111111111111111100
0001111111111100001110000000011111111111101111111111100001111111100110011111100001110111101111111100
0011110111111000000000000000011110011111111110000000000000111111111111111111100001100011001100111100
0011110111111000000000000000001100001100111100000000000000011100011111111111110011110011101100111100
0011111111111000000000000000000000000000011000000000000000000000000000111111111111111111211111111000
0001111111111000000000000000000000000000000000000000000000000000000000011111111110011111111111000000
0000000111110000000000000000000000000000000000000000000000000000000000000000000000001111000000000000
0000000000000000000000000000000000000000000000000000000000000000000000000000000000000000000000000000
