0000000000000000000000000
0000011111100000000000000
0011131111111111111110000
0111110101111111111111000
0111001111100000001111000
0011111111100000000111000
0001111100110000000110000
0001101111111100000110000
0001101111111111000110000
0011111111111011100111000
0011111111001101111111100
0000000111001111111111100
0000000011111111110111000
0000000011111100110110000
0000000001111111101100000
0001000000100111111100000
0011100001110011111110000
0001111111111011100111000
0001111111111111000011100
0011111100111110000011100
0011111111111110000111100
0011110011111111001111000
0000000001111111121100000
0000000000000000011000000
0000000000000000000000000
