000000000000000000000000000000
001110000000000000011000000000
011111000000011000111110000000
011031100001111111111111111000
011101111111111111100011111100
001111011110001111100011001100
000011000110001111110111001100
000001100110001111111111111000
000001100111111111111111111000
000011111111111111100111011000
000111111111100011110110001100
001111110111000000110111011100
001111111111000000110011111100
001100011111000000110001111100
000110001111100011110000111100
000110000001111111110011111000
000110000001111111111111000000
000011000011110111001110000000
000011000111111110000110000000
000111101110001111000110000000
001111111100000111101110000000
001111111000000111111110000000
001111110000001110111111000000
001111100000111100111011111000
001111100001111000110001111100
001111110011100111111001111100
011111111111111111111112111100
011111111111111000000111111000
001111111100000000000000000000
000000000000000000000000000000
