00000000000000000000000000000000000000000000000000
00000000000000000000000000000000000000000000000000
00001111111111111000000000000011000001111111110000
00011111111011111110000110000011000011311111111000
00110000011111000111111111000110000111111100011000
00110000001100000111111110111110000111110000011000
00110000000000001000001100011110000110111111111000
00011000000000010000001000000010001100000011111000
00001100000000110000011000000011001100000111011000
00000110011100110000011000000111111100000110011000
00000110111100010000011000000111110100001100111100
00001100111100011000010000001101100011011001100000
00000000111000011100000000000111100011111101100000
00000000000000011000000000001111110111111111111000
00000000000000110000000000001110011111011111111100
00000000000000100000000000011110011111110011001100
00110000011011100000100000110000111001110011001100
00110000011111100001110000010001111001100011011100
00110000110111100001111110011011111111000110111000
00000000011111100001111111111111111110000111110000
00010000000000110001111111111001110111000111100000
00011000000000010000111100000000111111001111000000
00111110001100001000011100000001111111111101100000
00111011111110001000001110111111100000011001100000
00110001111111000000000111100010000000000011000000
00111001110011000000000011100000000000000110000000
00111111110001000000000011000000000011111110000000
00111101110000000011000111100000000110111110001000
00110000110011100001111111110000001100111110011100
00110001111111111111111111111000011110100111111100
00111111111111100111110111111100110111100011101100
00111111111111100111100011101111100011100011101100
00111111111111111111000011000111100000110011101100
00111110111111111110000111000111110000011111101100
00010000011001110000000011000011111000011111111100
00000000001001100000000011000011011100111001111100
00000000000111100000000000000011001111111111111100
00001000000011110010000000000011001111110110001100
00001000000000111111000110000111110001100000001000
00001100000000111111111110000100010001100000010000
00001100011111100111111110001110111001000000110000
00001111111111101111111110000111111110000001100000
00001111111000111101111111000001111100000000110000
00000111111000111001111111000000011000000001111000
00000110011101110000111111100000000000000001111000
00001110011121111001111001100000011001111111001100
00011111111111111000110001100011111111111110000000
00001111111111111000000000100001111100000000000000
00000000000000000000000000000000000000000000000000
00000000000000000000000000000000000000000000000000
