00000000000000000000000000000000000000000000000000
00000000000000000000000000000000000000000001000000
00000111110000111111111111111111110000000113100000
00001111110001111111111111111111110011111101110000
00000000000011111100111000111111000001111001110000
00000000000001100000011000010010000000110011110000
00000000000011100000001000110000001000000111001000
00000000000001100000001100110000011110001110011100
00000000000000100000011000111100011110001100011100
00000000000000000011111000011000011110011000111000
00110000000000000001111000000000011110011001111000
00110000000001000001111000000000001110011001110000
00110000000011110001111100000000001111110001110000
00110000000110111011111111100000001101110001110000
00110000000111001111111111110000001100111001001100
00111000000111111100000011010000000111111111001100
00111111000111111000000011011000000010000111001100
00111111000111111000000110011100000000000111001100
00110001111111001100001110001111000001101111111000
00111101110011001100011000000011000011111111111000
00111111100011000110001110000111111110011111110000
00111011000001000110000111111111111110001110110000
00110000000011001110000000111111110110001111100000
00110000000110011110000000011111111110001111000000
00110000001110111111000000011111001111111110000000
00110000011001111111000000110011001111111110000000
00110000110011111110000000100011111111011111000000
00110000010110001000000000000001110000001111111000
00110000011110000000000001000011110000001000111000
00110000011111000001000001000111111000011000001100
00110000010011000011100001111111111110111000000100
00110000110001100110110011111111000011111101110110
00110000110001100110111111110010000011111111111110
00000000010001100011111110110001000011101111101110
00000000010001100001111100010001110000000111101100
00000000001111100000111000011000011110001111111100
00001000000111000000111000110000000111111100111100
00001100000011100001111111110000000111111111111000
00011110000001100001111111110000001001100111111000
00001111100011110001111111000100011001111111111000
00001111111111011000100010000111111111111000111000
00001110011110001000000000000111101111000000111000
00001110001110001100000001000111111100000000111000
00011211000111111100000011111111111000000001101100
00011111101111111100000111111000000000000001101100
00111111111110111110001110011000000000000001101100
00011000111111110011111100111111110000000011111000
00000000001111000001111111111111110001110001110000
00000000000000000000000011000000000001110000000000
00000000000000000000000000000000000000000000000000
