0000000000000000000000000000000000000000000000000000000000000000000000
0000000000000111111000000000000000000000000000000000000000000000000000
0011111000111111111111100011100011100001111111111010100011000011111000
0113111111110000000011111111100110111111111111111110101111111111111100
0111111011100000000110111111100010011111110000001100001110111100001100
0000111100000000011111111111100110011100011100001100011111111100001100
0000111000000001110001101111111110011000000111101111111111111000001100
0011100000000001110001100111111100011000000011111111111111000000001100
0011111111110001110000100110011000001000000001011100111110111000001100
0001110111110000011000110110001100001100000010001100011100000000001100
0001111100010000001100110110001100000110001110001100001111000000001100
0001011110111000000111100011001100000011111111001100011111100100011000
0001110110111000000011100011111000000000010001111110011111111111111000
0001000111111110000111110001111000000000000001111111101111111111111000
0011110011111110011100110011111000000000000111110001100111111001111000
0011111111111110011000010011001111101111101111110000110011111001111100
0011011110011110110000110011001111111101111111100000110011111111111100
0011000000001100110001110011001110011000011111100001100000001111111100
0001100000000000111111111001111111011100011111100011000000000000111100
0001110000000001111110011001111110011100011111000110011110000000111000
0000110011111011111110001111111111111111011111011100011111000000111000
0001111111011111000100000111111111110011110111111000110011000000110000
0001111110001110000000000011111111110001100001110000111110000000111000
0001011110011110010000000001111111110000000000000000011110000000111000
0000001111111101111111100001111111110000000000000000111100000011111000
0000001101111111100111111001111100011000000000000011111111000111111000
0000001100001111100000011111111110110011110000011110000011000111101100
0001001100000111000011111111111000111110111000111000000001101100111100
0011111110000000110111011100011000111100011000110000011001100111111100
0011110111000001100110001100011000111000001000110000111111001100111100
0111110011100000000110000110001111111100001100011111100110001110111100
0011110011100000011111000110001111111110000110011111000000001100011100
0011111111100000111111000110011110111011000110011001100000011000110100
0011000000000000110111111100110000011011100010010001100000011001100100
0011000000000001100011111001100000001001101110011001100000110001101100
0011000000000001000011000011000000001101111110001111111110110001001100
0011000000000001100110000011000000001100011111000111111111100001101100
0011000000000011001100000011000011111000111001100011111111100011001100
0011110000000011001100000001101111111000110001100111111111000011001100
0001111000000011001100000000111111111111100011000100011111000111001100
0000001100000011001100000000011111101111100011001100011101111111101100
0000001101110001111110000000010011001111100011001100011100111111111100
0001011111111000111111000000000011111111110011000111111110000111111000
0001111111011100001111100011100011111111111111000011111111000111111000
0011111110001100001000110011100111111111110111000000001111000001111000
0011011100000110001100011111111110110111100001000000001111100001111100
0010111000000110011000011111111100110111100011000000001111100001111100
0110111011100110011000011111111000111111110111000000101111111000111100
0111101111001100010000001111111000111001111110000000100111101100111100
0011000111111100010000001110011000011000111000000000100011101111111000
0000000111111000011000000110001100111100011000000000001111100111110000
0000001111111000001111000110000111111110011111111100000001111111110000
0000111111111100000110000110001111100111111111111110000111100011111000
0001111100010111000110000100011110000011111111111110001111100011001100
0011001101000011111110001100111110000011111111111110001100110011001100
0011111111100011111111011000111110000011000011111110001100011001101100
0001111111111111111111111000111110000011100001111110001100111111001100
0000001100111111001100000001110101000001100001100110000111111001101100
0000001100011101111100001111111111110000110001100110000011111111001100
0000011000111100111100011111111100111000110001111110000000011111001100
0000111001111100011000110011111000011000110001111100111110001111101100
0000110000111100001110110011110000011111111111000001111111000111111100
0000110001011100011110011111111000111111101110000011000001100110011000
0000110111111110111110011100011111111001100111000011000001110100011000
0001101111111110111110110000011111110001111111000010000000211100111000
0011001111111111011110110000011111100000111111100110000000011000111000
0011111111111111111111111000011111100000111111111110000110001001111000
000111111111100011111111000000100000000000111111120000111000000110000
0000000001100000000000000000000000000000000011000000000000000000000000
0000000000000000000000000000000000000000000000000000000000000000000000
